11111111
11000011
11000011
11000011
11000011
11000011
11000011
11111111

00000011
00000011
00000011
00000011
00000011
00000011
00000011
00000000

11111111
00000011
00000011
11111111
11000000
11000000
11111111
00000000

11111111
00000011
00000011
11111111
00000011
00000011
11111111
00000000

11000011
11000011
11000011
11111111
00000011
00000011
00000011
00000000

11111111
11000000
11000000
11111111
00000011
00000011
11111111
00000000

11111111
11000000
11000000
11111111
11000011
11000011
11111111
00000000

11111111
11111111
00000011
00000011
00000011
00000011
00000011
00000000

11111111
11000011
11000011
11111111
11000011
11000011
11111111
00000000

11111111
11000011
11000011
11111111
00000011
00000011
11111111
00000000

////////

00111100
01000010
01000010
01000010
01000010
01000010
01000010
00111100

00111100
01000010
01000010
01000010
01000010
01000010
01000010
00111100

00001000
00011000
00101000
00001000
00001000
00001000
00001000
01111110

00111000
01000100
00000100
00000100
00111000
01000000
01000000
01111100

00011110
00100010
00000010
00001100
00000010
00000010
00100010
00011100

01000000
01000000
01000000
01001000
01001000
01111110
00001000
00001000

01111100
01000000
01000000
01111000
00000100
00000100
00000100
01111000

00111100
01000000
10000000
10111000
11000100
10000100
10000100
01111000

01111110
00000010
00000100
00001000
00010000
00010000
00100000
00100000

00111100
01000010
01000010
00111100
01000010
01000010
01000010
00111100

00111100
01000010
01000010
01000110
00111010
00000010
00000010
00000010



